4206
9467
9132
4881
8133
7389
2737
6591
5712
6835
1868
7591
1421
6092
8172
3249
1527
8845
6657
4133
4318
7573
7108
9153
9022
6635
4797
3612
5411
7040
2931
9521
8385
4820
5172
6022
8008
5505
8935
9638
4069
2982
9714
9885
8959
6731
3319
4524
7288
9206
6978
7568
3423
8386
3505
5125
4999
6269
8869
1817
6959
9126
6455
3290
3204
9347
8111
6849
1131
6345
5092
9014
9390
4932
2092
3517
9301
2821
4731
6908
4391
1607
2223
5802
4041
6740
5557
9297
8240
6222
1483
4778
4694
6659
3721
7191
6573
2885
2961
8334
